[ 0.60710678  0.70710678 -0.70710678 -0.70710678]
[ 0.60710669  0.70710669 -0.7071066  -0.70710922]
[ 0.60710669  0.70710669 -0.7071066  -0.70710922]
[ 0.60710661  0.70710661 -0.70710641 -0.70711166]
[ 0.60710661  0.70710661 -0.70710641 -0.70711166]
[ 0.60694616  0.7069456  -0.70676053 -0.71165669]
[ 0.60694616  0.7069456  -0.70676056 -0.71165669]
[ 0.60678578  0.70678356 -0.70641382 -0.71621298]
[ 0.60678578  0.70678356 -0.70641388 -0.71621299]
[ 0.60662549  0.70662048 -0.70606642 -0.72078056]
[ 0.60662549  0.70662048 -0.70606648 -0.72078057]
[ 0.60600431  0.70597792 -0.70471337 -0.73860961]
[ 0.60600431  0.70597791 -0.7047137  -0.7386097 ]
[ 0.60614165  0.70612145 -0.70501331 -0.73464988]
[ 0.60614165  0.70612145 -0.70501351 -0.73464994]
[ 0.60565854  0.70561286 -0.70395823 -0.74862332]
[ 0.60565854  0.70561286 -0.70395801 -0.7486233 ]
[ 0.60517615  0.70509466 -0.70290292 -0.76270138]
[ 0.60517615  0.70509466 -0.70290291 -0.7627014 ]
[ 0.60469448  0.70456677 -0.70185115 -0.77688504]
[ 0.60469448  0.70456677 -0.70185113 -0.77688506]
[ 0.6037333   0.70348162 -0.69976922 -0.80557249]
[ 0.6037333   0.70348162 -0.69976915 -0.8055726 ]
[ 0.60277494  0.70235683 -0.69773479 -0.8346936 ]
[ 0.60277495  0.70235683 -0.69773481 -0.83469353]
[ 0.60181933  0.70119179 -0.6957702  -0.86425647]
[ 0.60181933  0.70119179 -0.69577022 -0.86425641]
[ 0.60086636  0.69998591 -0.69389685 -0.8942706 ]
[ 0.60086636  0.69998591 -0.69389684 -0.8942706 ]
[ 0.59991588  0.69873854 -0.69213546 -0.92474633]
[ 0.59991588  0.69873854 -0.69213545 -0.92474632]
[ 0.59820372  0.6963767  -0.68930019 -0.98103608]
[ 0.59820373  0.6963767  -0.68930016 -0.98103602]
[ 0.59649794  0.69387333 -0.68700853 -1.03894189]
[ 0.59649795  0.69387333 -0.6870085  -1.03894174]
[ 0.59479707  0.69122434 -0.68536561 -1.0985434 ]
[ 0.59479707  0.69122433 -0.68536567 -1.09854324]
[ 0.59309936  0.6884254  -0.68446948 -1.15992807]
[ 0.59309936  0.68842539 -0.68446961 -1.15992792]
[ 0.59140285  0.68547198 -0.68441126 -1.22319057]
[ 0.59140285  0.68547197 -0.68441144 -1.22319042]
[ 0.58970535  0.68235931 -0.68527575 -1.28843239]
[ 0.58970536  0.6823593  -0.68527596 -1.28843226]
[ 0.58800449  0.67908234 -0.68714203 -1.35576163]
[ 0.5880045   0.67908233 -0.68714227 -1.35576152]
[ 0.58629769  0.67563576 -0.69008413 -1.42529262]
[ 0.58629769  0.67563576 -0.69008439 -1.42529251]
[ 0.58416138  0.67110177 -0.69535196 -1.51506856]
[ 0.58416139  0.67110176 -0.69535243 -1.5150684 ]
[ 0.58200594  0.66628499 -0.70252045 -1.60868431]
[ 0.58200594  0.66628499 -0.70252041 -1.60868437]
[ 0.5798253   0.66117318 -0.71170886 -1.70639768]
[ 0.57982529  0.66117319 -0.71170849 -1.70639785]
[ 0.57761305  0.65575332 -0.72303233 -1.80847895]
[ 0.57761304  0.65575332 -0.72303229 -1.80847897]
[ 0.57536242  0.65001147 -0.73660517 -1.91520992]
[ 0.57536242  0.65001147 -0.73660514 -1.91520992]
[ 0.57306632  0.64393284 -0.75254002 -2.02688444]
[ 0.57306632  0.64393285 -0.75253998 -2.02688443]
[ 0.56993403  0.635313   -0.77754876 -2.18334957]
[ 0.56993403  0.635313   -0.77754869 -2.18334952]
[ 0.56668988  0.62603202 -0.80720315 -2.34981194]
[ 0.56668988  0.62603202 -0.8072031  -2.34981183]
[ 0.56331424  0.61604738 -0.84179858 -2.52704051]
[ 0.56331424  0.61604738 -0.84179869 -2.52704043]
[ 0.55978623  0.60531337 -0.88165506 -2.7158281 ]
[ 0.55978623  0.60531337 -0.88165513 -2.715828  ]
[ 0.55608359  0.59378097 -0.92712263 -2.91698484]
[ 0.55608359  0.59378097 -0.92712267 -2.91698472]
[ 0.55218256  0.58139785 -0.97858843 -3.13133061]
[ 0.55218256  0.58139785 -0.97858848 -3.13133048]
[ 0.54805769  0.5681083  -1.03648284 -3.35968501]
[ 0.54805769  0.5681083  -1.03648289 -3.35968485]
[ 0.54287936  0.55122671 -1.11350662 -3.64746743]
[ 0.54287936  0.55122672 -1.1135067  -3.64746715]
[ 0.53730488  0.53290578 -1.20098465 -3.95702741]
[ 0.53730488  0.53290579 -1.20098473 -3.95702715]
[ 0.5312815   0.51303768 -1.29992422 -4.28952151]
[ 0.5312815   0.51303768 -1.29992416 -4.2895217 ]
[ 0.52475125  0.49150936 -1.41147414 -4.64594651]
[ 0.52475125  0.49150936 -1.41147412 -4.64594663]
[ 0.51765024  0.46820351 -1.53694584 -5.02706383]
[ 0.51765023  0.46820351 -1.53694587 -5.02706383]
[ 0.50990783  0.44299988 -1.67783619 -5.43331158]
[ 0.50990782  0.44299989 -1.67783626 -5.43331159]
[ 0.50144566  0.41577713 -1.83585547 -5.86469618]
[ 0.50144565  0.41577713 -1.83585556 -5.86469621]
[ 0.49217654  0.38641514 -2.01296086 -6.32066258]
[ 0.49217654  0.38641514 -2.01296099 -6.32066267]
[ 0.48171497  0.3539122  -2.2170746  -6.81318868]
[ 0.48171497  0.3539122  -2.2170748  -6.81318884]
[ 0.47018144  0.31891454 -2.44649486 -7.32794929]
[ 0.47018144  0.31891454 -2.44649516 -7.32794954]
[ 0.4574428   0.28132034 -2.70448039 -7.86137844]
[ 0.45744279  0.28132034 -2.70448076 -7.86137871]
[ 0.44334843  0.24104898 -2.99483869 -8.40844089]
[ 0.44334842  0.24104898 -2.99483913 -8.40844109]
[ 0.42772728  0.19804898 -3.32205076 -8.96235199]
[ 0.42772727  0.19804898 -3.32205123 -8.96235195]
[ 0.41038412  0.1523074  -3.69143209 -9.51427117]
[ 0.41038411  0.1523074  -3.69143244 -9.51427055]
[  0.3910949    0.10386084  -4.10933881 -10.0529656 ]
[  0.39109489   0.10386084  -4.10933867 -10.0529639 ]
[  0.36960103   0.05280822  -4.58342506 -10.56443223]
[  0.36960102   0.05280823  -4.58342358 -10.56442867]
[ 3.45602182e-01 -6.74467124e-04 -5.12294804e+00 -1.10314499e+01]
[ 3.45602180e-01 -6.74433541e-04 -5.12294338e+00 -1.10314436e+01]
[  0.35164608   0.01245327  -4.98607364 -10.9237763 ]
[  0.35164608   0.01245328  -4.9860719  -10.92377388]
[  0.33210118  -0.02918942  -5.43108781 -11.2486895 ]
[  0.33210118  -0.02918942  -5.43108726 -11.24869007]
[  0.31079718  -0.07197164  -5.92394774 -11.52880959]
[  0.31079719  -0.07197162  -5.92394382 -11.52880658]
[  0.31540885  -0.06293552  -5.81658053 -11.47447771]
[  0.31540885  -0.06293551  -5.81657879 -11.47447635]
[  0.29752367  -0.09730335  -6.23500914 -11.66641879]
[  0.29752368  -0.09730335  -6.23500948 -11.66641999]
[  0.27834298  -0.13218286  -6.68970065 -11.81790801]
[  0.27834298  -0.13218286  -6.68969815 -11.81790681]
[  0.25775386  -0.16744299  -7.18419736 -11.92144262]
[  0.25775388  -0.16744298  -7.18419533 -11.92144324]
[  0.23563269  -0.20292895  -7.72217626 -11.96850356]
[  0.2356327   -0.20292895  -7.72217273 -11.96850424]
[  0.23955434  -0.19681364  -7.62633867 -11.96483418]
[  0.23955435  -0.19681364  -7.62633687 -11.96483452]
[  0.22022907  -0.2262379   -8.10033234 -11.96407859]
[  0.22022908  -0.2262379   -8.10033197 -11.96407903]
[  0.19969737  -0.25559985  -8.60805441 -11.91307035]
[  0.19969738  -0.25559985  -8.60805224 -11.91307144]
[  0.1778744   -0.28476771  -9.15098207 -11.80498072]
[  0.17787442  -0.28476771  -9.15098045 -11.8049824 ]
[  0.15467247  -0.31359194  -9.7299021  -11.63219422]
[  0.15467249  -0.31359195  -9.72990003 -11.63219706]
[  0.13000323  -0.3419033  -10.34445117 -11.38628973]
[  0.13000326  -0.34190332 -10.34444958 -11.38629411]
[  0.10378128  -0.3695109  -10.99250785 -11.05810152]
[  0.10378131  -0.36951093 -10.99250784 -11.05810783]
[  0.10880179  -0.36441617 -10.8690643  -11.1261078 ]
[  0.1088018   -0.36441618 -10.86906427 -11.12611083]
[  0.08653118  -0.38635019 -11.4135316  -10.80632136]
[  0.08653118  -0.38635019 -11.41353281 -10.80632128]
[  0.06315525  -0.40758086 -11.97402244 -10.42162376]
[  0.06315526  -0.40758088 -11.97402441 -10.42162692]
[  0.03864738  -0.42797327 -12.54481437  -9.96688058]
[  0.03864738  -0.42797329 -12.54481858  -9.96688137]
[ 1.29945629e-02 -4.47382611e-01 -1.31178598e+01 -9.43746033e+00]
[ 1.29945525e-02 -4.47382628e-01 -1.31178663e+01 -9.43746096e+00]
[  0.01777487  -0.44391087 -13.01327088  -9.54011231]
[  0.01777486  -0.44391088 -13.01327404  -9.54011264]
[-3.86024542e-03 -4.59109279e-01 -1.34775519e+01 -9.06145049e+00]
[-3.86025091e-03 -4.59109279e-01 -1.34775524e+01 -9.06144943e+00]
[ -0.02624554  -0.47348251 -13.93057311  -8.52957073]
[ -0.02624555  -0.47348252 -13.93057671  -8.52956977]
[ -0.0493559   -0.48694327 -14.36386631  -7.94415923]
[ -0.04935592  -0.48694327 -14.36386825  -7.94415661]
[ -0.07315126  -0.49940472 -14.76758166  -7.30623335]
[ -0.07315127  -0.49940472 -14.76758371  -7.30622993]
[ -0.09757441  -0.51078306 -15.13069189  -6.61849353]
[ -0.09757443  -0.51078304 -15.13069227  -6.61848879]
[ -0.09268607  -0.50861724 -15.06249247  -6.75859903]
[ -0.09268608  -0.50861724 -15.06249267  -6.75859684]
[ -0.11258669  -0.51709283 -15.3252198   -6.18120783]
[ -0.11258668  -0.51709283 -15.32521889  -6.18120841]
[ -0.13280683  -0.52479455 -15.54949065  -5.57727719]
[ -0.13280684  -0.52479454 -15.54948979  -5.5772753 ]
[ -0.15329211  -0.53169023 -15.72908687  -4.95095873]
[ -0.1532921   -0.53169022 -15.72908495  -4.95095892]
[ -0.17398005  -0.53775381 -15.85811408  -4.30736597]
[ -0.17398005  -0.53775381 -15.85811188  -4.30736593]
[ -0.19480095  -0.5429665  -15.93131647  -3.65247846]
[ -0.19480094  -0.5429665  -15.93131382  -3.65247953]
[ -0.21567874  -0.54731784 -15.94439149  -2.99301893]
[ -0.21567873  -0.54731784 -15.94438906  -2.99302074]
[ -0.23653255  -0.55080654 -15.89429364  -2.33623621]
[ -0.23653253  -0.55080654 -15.89429185  -2.3362389 ]
[ -0.23202688  -0.55012459 -15.91058946  -2.47773393]
[ -0.23202687  -0.55012459 -15.91058868  -2.47773508]
[ -0.24832003  -0.55240493 -15.83713571  -1.96770197]
[ -0.24832003  -0.55240493 -15.83713642  -1.96770158]
[ -0.26451735  -0.55416613 -15.72382864  -1.46653817]
[ -0.26451735  -0.55416613 -15.72382828  -1.46653923]
[ -0.2805781   -0.5554191  -15.57111359  -0.97777522]
[ -0.2805781   -0.5554191  -15.5711143   -0.97777523]
[ -0.29646237  -0.5561783  -15.38010124  -0.50474661]
[ -0.29646237  -0.5561783  -15.38010169  -0.50474691]
[ -0.31213169  -0.55646147 -15.15252961  -0.05051046]
[ -0.31213169  -0.55646147 -15.15253033  -0.05051043]
[ -0.32754968  -0.55628932 -14.89072029   0.38223928]
[ -0.32754968  -0.55628932 -14.89072098   0.38223943]
[ -0.34268263  -0.5556851  -14.59749936   0.79123257]
[ -0.34268263  -0.5556851  -14.59750003   0.79123295]
[ -0.34817799  -0.55535868 -14.48222705   0.93550356]
[ -0.34817799  -0.55535868 -14.48222708   0.93550358]
[ -0.35362909  -0.55497841 -14.36330309   1.07622969]
[ -0.35362909  -0.55497841 -14.36330304   1.07622965]
[ -0.35903458  -0.55454563 -14.24090608   1.21334708]
[ -0.35903458  -0.55454563 -14.24090613   1.21334712]
[ -0.36439318  -0.55406172 -14.11521872   1.34680115]
[ -0.36439318  -0.55406172 -14.1152187    1.34680113]
[ -0.36970369  -0.55352807 -13.98642638   1.47654596]
[ -0.36970369  -0.55352807 -13.98642638   1.47654596]
[ -0.37496496  -0.55294609 -13.85471741   1.60254492]
[ -0.37496496  -0.55294609 -13.85471742   1.60254492]
[ -0.38017594  -0.5523172  -13.7202818    1.72477021]
[ -0.38017594  -0.5523172  -13.72028181   1.72477021]
[ -0.39146084  -0.55077521 -13.41579534   1.98035848]
[ -0.39146084  -0.55077521 -13.41579538   1.9803585 ]
[ -0.40248811  -0.5490283  -13.10106628   2.21753259]
[ -0.40248811  -0.5490283  -13.10106652   2.21753274]
[ -0.41325007  -0.54709177 -12.7781035    2.4364149 ]
[ -0.41325007  -0.54709177 -12.77810385   2.43641518]
[ -0.42374068  -0.54498071 -12.44885848   2.63729404]
[ -0.42374068  -0.54498071 -12.44885875   2.63729435]
[ -0.43395551  -0.54270993 -12.11519878   2.8206048 ]
[ -0.43395551  -0.54270993 -12.11519895   2.82060512]
[ -0.44389162  -0.54029381 -11.77888668   2.98690724]
[ -0.44389163  -0.54029381 -11.77888677   2.98690754]
[ -0.45354751  -0.53774622 -11.44156236   3.13686494]
[ -0.45354751  -0.53774622 -11.44156236   3.13686521]
[ -0.46460457  -0.53458198 -11.04339366   3.29413427]
[ -0.46460458  -0.53458198 -11.04339354   3.29413467]
[ -0.4752713   -0.53127323 -10.64814342   3.43093331]
[ -0.4752713   -0.53127323 -10.64814318   3.43093351]
[ -0.48555154  -0.52783943 -10.25776219   3.54868192]
[ -0.48555153  -0.52783943 -10.25776206   3.5486813 ]
[-0.49545091 -0.52429859 -9.87391944  3.64883716]
[-0.49545091 -0.52429859 -9.87391936  3.64883669]
[-0.50497656 -0.5206673  -9.49801236  3.73286462]
[-0.50497656 -0.52066729 -9.49801234  3.73286439]
[-0.51413689 -0.5169607  -9.13118167  3.80220797]
[-0.51413688 -0.5169607  -9.13118169  3.80220786]
[-0.52294126 -0.51319254 -8.77433085  3.85826761]
[-0.52294126 -0.51319254 -8.77433091  3.85826752]
[-0.53139987 -0.50937523 -8.4281481   3.90238416]
[-0.53139987 -0.50937523 -8.42814817  3.9023841 ]
[-0.54186168 -0.50437472 -7.9963112   3.94384294]
[-0.54186168 -0.50437472 -7.9963114   3.94384284]
[-0.55178556 -0.49933144 -7.58385998  3.96993799]
[-0.55178556 -0.49933144 -7.58386061  3.96993779]
[-0.56119642 -0.49426344 -7.1910653   3.98298924]
[-0.56119641 -0.49426345 -7.19106587  3.98298922]
[-0.57011929 -0.48918602 -6.81787806  3.98507568]
[-0.57011929 -0.48918602 -6.81787858  3.98507576]
[-0.578579   -0.48411192 -6.46399904  3.97804019]
[-0.578579   -0.48411192 -6.46399944  3.97804034]
[-0.58659986 -0.47905174 -6.12893733  3.96350219]
[-0.58659986 -0.47905174 -6.12893763  3.96350236]
[-0.59420544 -0.47401409 -5.81206105  3.94287349]
[-0.59420544 -0.47401409 -5.81206125  3.94287366]
[-0.60141847 -0.46900595 -5.51263915  3.91737645]
[-0.60141847 -0.46900596 -5.51263928  3.91737661]
[-0.60925739 -0.46328938 -5.18880331  3.88338897]
[-0.60925739 -0.46328938 -5.18880343  3.88338919]
[-0.61663709 -0.45762548 -4.88573413  3.84570102]
[-0.61663709 -0.45762548 -4.88573429  3.84570142]
[-0.62358707 -0.45201882 -4.60213997  3.80543676]
[-0.62358707 -0.45201882 -4.60213996  3.805437  ]
[-0.63013493 -0.44647248 -4.33673757  3.76352219]
[-0.63013493 -0.44647248 -4.33673754  3.7635224 ]
[-0.6363064  -0.4409883  -4.08827593  3.72071638]
[-0.6363064  -0.4409883  -4.08827585  3.72071651]
[-0.64212542 -0.43556713 -3.85555126  3.67763668]
[-0.64212542 -0.43556713 -3.85555116  3.67763677]
[-0.64761421 -0.43020898 -3.6374175   3.63478199]
[-0.64761421 -0.43020898 -3.63741741  3.63478205]
[-0.65279335 -0.42491321 -3.43279223  3.59255219]
[-0.65279335 -0.42491321 -3.43279215  3.59255222]
[-0.65875385 -0.41849783 -3.19865095  3.54204339]
[-0.65875385 -0.41849783 -3.19865079  3.54204342]
[-0.66430886 -0.41217166 -2.98158816  3.49340005]
[-0.66430886 -0.41217166 -2.98158778  3.4934001 ]
[-0.66948765 -0.40593105 -2.78001244  3.44695079]
[-0.66948765 -0.40593105 -2.78001218  3.44695078]
[-0.67431674 -0.39977182 -2.59247525  3.40292881]
[-0.67431675 -0.39977182 -2.59247502  3.40292878]
[-0.67882019 -0.39368945 -2.41766067  3.36149348]
[-0.67882019 -0.39368945 -2.41766051  3.36149343]
[-0.68301977 -0.3876792  -2.25437627  3.32274704]
[-0.68301977 -0.3876792  -2.25437614  3.32274699]
[-0.68693525 -0.38173616 -2.10154259  3.28674812]
[-0.68693525 -0.38173616 -2.1015425   3.28674807]
[-0.69058452 -0.37585538 -1.95818314  3.25352237]
[-0.69058452 -0.37585538 -1.95818308  3.25352233]
[-0.69467995 -0.36879308 -1.79562327  3.21691579]
[-0.69467996 -0.36879308 -1.79562317  3.21691572]
[-0.69843301 -0.36180627 -1.64431262  3.18436389]
[-0.69843301 -0.36180627 -1.64431242  3.18436373]
[-0.70186686 -0.35488614 -1.50299619  3.15580823]
[-0.70186686 -0.35488614 -1.5029961   3.15580812]
[-0.70500207 -0.34802407 -1.37056013  3.13117492]
[-0.70500207 -0.34802407 -1.37056005  3.13117482]
[-0.70785694 -0.34121156 -1.24601308  3.11038139]
[-0.70785694 -0.34121156 -1.24601304  3.11038132]
[-0.71044769 -0.33444034 -1.128471    3.09334205]
[-0.71044769 -0.33444034 -1.12847098  3.093342  ]
[-0.71278875 -0.32770229 -1.01714323  3.07997216]
[-0.71278875 -0.32770229 -1.01714322  3.07997211]
[-0.71489289 -0.32098951 -0.9113204   3.07019063]
[-0.71489289 -0.3209895  -0.9113204   3.0701906 ]
[-0.7173625  -0.31201276 -0.77693087  3.06257484]
[-0.7173625  -0.31201276 -0.77693087  3.06257477]
[-0.71944976 -0.30304926 -0.64993073  3.06111747]
[-0.71944976 -0.30304926 -0.64993075  3.06111725]
[-0.72117449 -0.29408117 -0.52911392  3.06568367]
[-0.72117449 -0.29408117 -0.52911397  3.06568352]
[-0.7225532  -0.28509104 -0.4134103   3.07616823]
[-0.7225532  -0.28509104 -0.41341035  3.07616812]
[-0.72359944 -0.27606163 -0.30186122  3.09249596]
[-0.72359944 -0.27606163 -0.30186127  3.09249589]
[-0.72432409 -0.26697592 -0.19359893  3.11462252]
[-0.72432409 -0.26697592 -0.19359898  3.11462247]
[-0.72473558 -0.25781696 -0.08782886  3.14253454]
[-0.72473558 -0.25781696 -0.0878289   3.1425345 ]
[-0.72484012 -0.24856778  0.01618567  3.17624958]
[-0.72484012 -0.24856778  0.01618563  3.17624955]
[-0.72458513 -0.23777369  0.13478826  3.22237006]
[-0.72458513 -0.23777369  0.13478822  3.22237003]
[-0.72393087 -0.22681069  0.25298431  3.27638931]
[-0.72393087 -0.22681069  0.25298423  3.27638927]
[-0.72287707 -0.21565182  0.37174496  3.33848678]
[-0.72287707 -0.21565182  0.37174491  3.33848676]
[-0.72142021 -0.20426944  0.4920256   3.40889688]
[-0.7214202  -0.20426944  0.49202556  3.40889687]
[-0.71955354 -0.19263504  0.61478446  3.48790948]
[-0.71955354 -0.19263504  0.61478443  3.48790947]
[-0.71726705 -0.18071901  0.74100125  3.57587092]
[-0.71726705 -0.18071901  0.74100124  3.57587091]
[-0.71454738 -0.16849049  0.87169584  3.67318512]
[-0.71454738 -0.16849049  0.87169584  3.67318511]
[-0.71137761 -0.15591715  1.00794777  3.78031487]
[-0.71137761 -0.15591715  1.00794778  3.78031485]
[-0.70773706 -0.14296501  1.15091727  3.89778299]
[-0.70773706 -0.14296501  1.15091728  3.89778297]
[-0.70360094 -0.12959821  1.30186842  4.02617331]
[-0.70360094 -0.12959821  1.30186844  4.02617328]
[-0.69894003 -0.11577882  1.46219534  4.16613098]
[-0.69894003 -0.11577882  1.46219537  4.16613094]
[-0.6921905  -0.09746216  1.68240369  4.36221928]
[-0.6921905  -0.09746216  1.6824038   4.36221915]
[-0.6844501  -0.07825727  1.92403133  4.5798063 ]
[-0.68445009 -0.07825727  1.92403171  4.57980582]
[-0.67561772 -0.05806811  2.19141373  4.8206158 ]
[-0.67561771 -0.05806811  2.19141422  4.82061509]
[-0.66557192 -0.036791    2.48971778  5.08646488]
[-0.66557191 -0.036791    2.48971843  5.08646373]
[-0.65416689 -0.01431438  2.82516453  5.379191  ]
[-0.65416687 -0.01431439  2.82516531  5.3791892 ]
[-0.64122731  0.00948104  3.20530925  5.70052816]
[-0.6412273   0.00948102  3.20531011  5.70052531]
[-6.43619379e-01  5.20156746e-03  3.13493788e+00  5.64195992e+00]
[-6.43619371e-01  5.20155561e-03  3.13493832e+00  5.64195848e+00]
[-0.63191334  0.0256841   3.48013628  5.9250037 ]
[-0.63191334  0.02568409  3.48013616  5.92500335]
[-0.61891294  0.04720616  3.86677891  6.22888798]
[-0.61891293  0.04720615  3.86677914  6.22888586]
[-0.60445901  0.06984192  4.30202838  6.55372263]
[-0.60445901  0.0698419   4.30202792  6.55372059]
[-0.5883647   0.09366481  4.79441521  6.89890576]
[-0.5883647   0.09366479  4.79441433  6.89890239]
[-0.59133723  0.08936566  4.70282499  6.8364866 ]
[-0.59133723  0.08936564  4.70282455  6.8364849 ]
[-0.57698336  0.10973324  5.14789896  7.13217616]
[-0.57698336  0.10973324  5.14789848  7.13217596]
[-0.56125912  0.13098027  5.64368195  7.43918525]
[-0.56125912  0.13098025  5.64368081  7.43918319]
[-0.54400606  0.15313616  6.19755601  7.75487705]
[-0.54400607  0.15313614  6.197554    7.75487556]
[-0.52504277  0.17622076  6.81793181  8.07520358]
[-0.52504278  0.17622074  6.8179285   8.07520146]
[-0.52863227  0.1719475   6.69959713  8.01676779]
[-0.52863227  0.17194749  6.69959551  8.01676674]
[-0.51200276  0.19138428  7.25123052  8.27863102]
[-0.51200277  0.19138428  7.25122997  8.27863123]
[-0.49399267  0.21144159  7.85803047  8.5361777 ]
[-0.49399268  0.21144158  7.858028    8.53617702]
[-0.47446339  0.23210257  8.52592546  8.78366087]
[-0.47446341  0.23210257  8.52592278  8.78366123]
[-0.45326189  0.2533346   9.26104474  9.01349616]
[-0.4532619   0.2533346   9.26104069  9.01349721]
[-0.45701878  0.24965971  9.13010543  8.97578076]
[-0.45701879  0.24965971  9.13010335  8.97578129]
[-0.43833125  0.26758029  9.78390187  9.15032309]
[-0.43833125  0.26758029  9.78390155  9.15032363]
[-0.41829945  0.28582309 10.49052816  9.30049201]
[-0.41829946  0.28582309 10.49052585  9.30049354]
[-0.39681621  0.30433195 11.25266592  9.41797782]
[-0.39681623  0.30433196 11.25266448  9.41798005]
[-0.37376983  0.32303265 12.07208727  9.49273798]
[-0.37376985  0.32303266 12.07208558  9.4927417 ]
[-0.34904647  0.34182924 12.94908361  9.51282537]
[-0.3490465   0.34182926 12.94908279  9.51283091]
[-0.3539339   0.33821433 12.77610371  9.5138354 ]
[-0.35393391  0.33821434 12.77610331  9.51383801]
[-0.33294415  0.35339649 13.51687303  9.49204962]
[-0.33294414  0.35339649 13.5168738   9.49204961]
[-0.31074334  0.36850426 14.29228073  9.41929632]
[-0.31074335  0.36850427 14.29228143  9.41929932]
[-0.28727897  0.38344935 15.09857502  9.28677318]
[-0.28727896  0.38344936 15.09857731  9.28677458]
[-0.26250599  0.39812888 15.92994963  9.08512249]
[-0.26250599  0.39812889 15.92995297  9.08512442]
[-0.23639067  0.41242481 16.77808397  8.80479539]
[-0.23639066  0.41242483 16.77808946  8.8047962 ]
[-0.2089148   0.42620405 17.63171756  8.43654625]
[-0.20891478  0.42620407 17.63172478  8.4365451 ]
[-0.18008076  0.43931942 18.4763015   7.97214727]
[-0.18008073  0.43931944 18.47631039  7.97214268]
[-0.18558262  0.43692115 18.31961857  8.06674925]
[-0.18558261  0.43692116 18.31962288  8.06674706]
[-0.16136648  0.44711508 18.99212116  7.62987396]
[-0.16136648  0.44711507 18.99212011  7.62987283]
[-0.13629337  0.45669709 19.63825399  7.1236136 ]
[-0.13629336  0.4566971  19.63825704  7.12360981]
[-0.14072442  0.45507465 19.52803331  7.21691712]
[-0.14072442  0.45507466 19.52803492  7.21691517]
[-0.11952068  0.46256608 20.03915046  6.75613616]
[-0.11952068  0.46256607 20.03914857  6.75613657]
[-0.09778578  0.46953821 20.51810292  6.24796244]
[-0.09778577  0.46953821 20.51810375  6.24796059]
[-0.07555824  0.47594098 20.95720605  5.69386345]
[-0.07555824  0.47594098 20.95720449  5.69386295]
[-0.05288499  0.48172646 21.3486326   5.09648827]
[-0.05288499  0.48172646 21.34863147  5.09648756]
[-0.02982126  0.48685025 21.68470886  4.45971773]
[-0.02982126  0.48685025 21.68470694  4.45971753]
[-6.43028617e-03  4.91272770e-01  2.19581999e+01  3.78868818e+00]
[-6.43028934e-03  4.91272766e-01  2.19581978e+01  3.78868865e+00]
[1.72173115e-02 4.94960599e-01 2.21626429e+01 3.08973038e+00]
[1.72173068e-02 4.94960594e-01 2.21626408e+01 3.08973160e+00]
[ 0.03507127  0.49722788 22.26736224  2.55171901]
[ 0.03507127  0.49722788 22.26736162  2.55171975]
[ 0.05299194  0.49905934 22.32844871  2.00558339]
[ 0.05299195  0.49905934 22.32844929  2.00558305]
[ 0.07094374  0.50044989 22.34464103  1.45496457]
[ 0.07094374  0.50044989 22.34464056  1.45496536]
[ 0.08889025  0.50139745 22.31521783  0.90363937]
[ 0.08889025  0.50139745 22.31521825  0.9036394 ]
[ 0.10679472  0.50190298 22.24004095  0.35542366]
[ 0.10679472  0.50190298 22.24004107  0.35542396]
[ 0.12462053  0.50197051 22.11955494 -0.18590164]
[ 0.12462053  0.50197051 22.11955528 -0.1859015 ]
[ 0.14233164  0.50160704 21.95478662 -0.71668213]
[ 0.14233164  0.50160704 21.95478696 -0.71668206]
[ 0.15989307  0.50082246 21.74731507 -1.23346765]
[ 0.15989307  0.50082246 21.74731546 -1.2334677 ]
[ 0.16819968  0.50030395 21.63400722 -1.47388903]
[ 0.16819968  0.50030395 21.63400725 -1.47388904]
[ 0.17646116  0.49969417 21.51173194 -1.71008896]
[ 0.17646116  0.49969417 21.5117319  -1.71008894]
[ 0.18467415  0.49899479 21.38077433 -1.94176864]
[ 0.18467415  0.49899479 21.38077438 -1.94176866]
[ 0.19283538  0.4982076  21.24143949 -2.16864931]
[ 0.19283538  0.4982076  21.24143948 -2.1686493 ]
[ 0.20094169  0.49733449 21.09404981 -2.39047274]
[ 0.20094169  0.49733449 21.09404982 -2.39047274]
[ 0.20899008  0.49637744 20.9389439  -2.60700231]
[ 0.20899008  0.49637744 20.93894391 -2.60700231]
[ 0.21697764  0.49533852 20.77647411 -2.81802338]
[ 0.21697764  0.49533852 20.77647411 -2.81802338]
[ 0.22846336  0.49368844 20.52817066 -3.114273  ]
[ 0.22846336  0.49368844 20.52817069 -3.114273  ]
[ 0.23980715  0.49187706 20.26625705 -3.39800053]
[ 0.23980715  0.49187706 20.26625714 -3.39800055]
[ 0.25100177  0.48991148 19.99191313 -3.66880196]
[ 0.25100177  0.48991148 19.99191322 -3.66880199]
[ 0.26204066  0.48779897 19.70633561 -3.92637163]
[ 0.26204066  0.48779897 19.7063357  -3.92637167]
[ 0.27291788  0.48554695 19.41072606 -4.17049934]
[ 0.27291788  0.48554695 19.41072613 -4.17049939]
[ 0.28362819  0.48316293 19.10627935 -4.40106617]
[ 0.28362819  0.48316293 19.10627941 -4.40106623]
[ 0.29416702  0.48065447 18.7941732  -4.61803937]
[ 0.29416702  0.48065447 18.79417324 -4.61803943]
[ 0.30815231  0.47707423 18.36154927 -4.89017737]
[ 0.30815231  0.47707423 18.36154936 -4.89017756]
[ 0.32180831  0.47329838 17.91974565 -5.13783431]
[ 0.32180831  0.47329838 17.91974585 -5.13783483]
[ 0.33512911  0.46934515 17.4713646  -5.36155605]
[ 0.33512911  0.46934515 17.47136466 -5.36155653]
[ 0.34811068  0.4652323  17.01883622 -5.56207052]
[ 0.34811068  0.4652323  17.01883618 -5.56207097]
[ 0.36075076  0.46097697 16.56440244 -5.74025651]
[ 0.36075076  0.46097697 16.5644023  -5.74025688]
[ 0.37304868  0.4565956  16.11010604 -5.89711154]
[ 0.37304868  0.4565956  16.11010583 -5.89711185]
[ 0.38500527  0.45210386 15.657786   -6.03372245]
[ 0.38500527  0.45210386 15.65778575 -6.03372267]
[ 0.39853629  0.44673952 15.13434863 -6.16914479]
[ 0.3985363   0.44673952 15.13434816 -6.16914505]
[ 0.41161027  0.44126691 14.61808589 -6.28042843]
[ 0.41161028  0.44126691 14.618085   -6.28042879]
[ 0.42423438  0.4357064  14.11090243 -6.36948915]
[ 0.42423438  0.4357064  14.11090167 -6.36948924]
[ 0.43641731  0.43007668 13.61437291 -6.43822874]
[ 0.43641731  0.43007668 13.61437218 -6.43822871]
[ 0.44816899  0.4243948  13.12976621 -6.48850609]
[ 0.44816899  0.42439479 13.12976558 -6.48850595]
[ 0.45950037  0.41867618 12.65807531 -6.52211278]
[ 0.45950038  0.41867618 12.65807478 -6.52211256]
[ 0.47042315  0.41293472 12.20004653 -6.54075585]
[ 0.47042315  0.41293472 12.20004611 -6.54075559]
[ 0.4828043   0.40614668 11.6778082  -6.54569755]
[ 0.4828043   0.40614668 11.67780764 -6.54569709]
[ 0.49465428  0.39936209 11.17585948 -6.53449704]
[ 0.49465428  0.39936209 11.17585927 -6.53449668]
[ 0.50599428  0.3925965  10.69442891 -6.50940307]
[ 0.50599428  0.3925965  10.69442987 -6.50940355]
[ 0.51684559  0.38586326 10.23349627 -6.47245601]
[ 0.51684559  0.38586326 10.23349696 -6.47245638]
[ 0.52722937  0.37917369  9.79283535 -6.42548844]
[ 0.52722937  0.37917369  9.79283565 -6.42548861]
[ 0.53716645  0.37253731  9.37206114 -6.37013756]
[ 0.53716645  0.37253731  9.37206126 -6.37013766]
[ 0.5466772   0.36596205  8.97066596 -6.30785672]
[ 0.54667721  0.36596205  8.97066604 -6.30785682]
[ 0.55578144  0.35945442  8.58805029 -6.23992872]
[ 0.55578144  0.35945442  8.58805034 -6.23992881]
[ 0.56725362  0.35094277  8.10875673 -6.14310431]
[ 0.56725362  0.35094277  8.1087568  -6.14310452]
[ 0.57808788  0.34256838  7.65961436 -6.04056687]
[ 0.57808788  0.34256838  7.65961444 -6.04056725]
[ 0.58832448  0.33433778  7.23889469 -5.93417924]
[ 0.58832448  0.33433778  7.2388944  -5.93417891]
[ 0.5980013   0.32625518  6.84485251 -5.82547321]
[ 0.5980013   0.32625517  6.84485222 -5.82547273]
[ 0.60715381  0.31832286  6.475766   -5.7157018 ]
[ 0.60715381  0.31832286  6.47576582 -5.71570149]
[ 0.61581516  0.31054157  6.12996255 -5.60588048]
[ 0.61581516  0.31054157  6.12996252 -5.60588039]
[ 0.62401626  0.30291079  5.8058372  -5.4968248 ]
[ 0.62401626  0.30291079  5.80583722 -5.49682474]
[ 0.63178583  0.29542903  5.50186396 -5.38918266]
[ 0.63178583  0.29542902  5.50186397 -5.38918262]
[ 0.63915057  0.28809395  5.21660249 -5.28346282]
[ 0.63915057  0.28809395  5.2166025  -5.28346279]
[ 0.64880435  0.27809067  4.84701326 -5.13977329]
[ 0.64880435  0.27809067  4.84701332 -5.13977322]
[ 0.65777844  0.26835826  4.50789809 -5.00135667]
[ 0.65777843  0.26835826  4.50789838 -5.0013564 ]
[ 0.66612834  0.25888607  4.1961899  -4.86870785]
[ 0.66612833  0.25888607  4.19619022 -4.86870766]
[ 0.67390397  0.24966272  3.90912797 -4.74211469]
[ 0.67390396  0.24966272  3.90912824 -4.7421146 ]
[ 0.68115021  0.24067646  3.64423528 -4.62171023]
[ 0.68115021  0.24067646  3.64423548 -4.62171021]
[ 0.68790746  0.23191535  3.39929364 -4.50751393]
[ 0.68790746  0.23191535  3.3992938  -4.50751393]
[ 0.69421207  0.22336754  3.17231881 -4.39946315]
[ 0.69421207  0.22336754  3.17231892 -4.39946317]
[ 0.7000968   0.21502134  2.96153635 -4.29743734]
[ 0.70009679  0.21502134  2.96153643 -4.29743736]
[ 0.70559117  0.20686532  2.76535931 -4.2012763 ]
[ 0.70559117  0.20686532  2.76535936 -4.20127632]
[ 0.71189092  0.19701691  2.54065536 -4.09009388]
[ 0.71189092  0.19701692  2.54065545 -4.09009394]
[ 0.7176784   0.18742272  2.33377898 -3.98722756]
[ 0.7176784   0.18742272  2.33377921 -3.98722771]
[ 0.72299344  0.17806345  2.14264703 -3.89227987]
[ 0.72299344  0.17806345  2.14264715 -3.89227998]
[ 0.72787122  0.16892076  1.9654333  -3.80485358]
[ 0.72787122  0.16892076  1.9654334  -3.80485368]
[ 0.73234287  0.15997724  1.80053345 -3.72456251]
[ 0.73234287  0.15997724  1.80053349 -3.72456257]
[ 0.73643593  0.15121638  1.64653306 -3.65103784]
[ 0.73643593  0.15121638  1.64653309 -3.65103789]
[ 0.74017479  0.14262252  1.50218116 -3.58393248]
[ 0.74017479  0.14262252  1.50218118 -3.58393252]
[ 0.74358102  0.1341808   1.36636707 -3.52292338]
[ 0.74358102  0.1341808   1.36636708 -3.5229234 ]
[ 0.7466737   0.1258771   1.23810061 -3.46771271]
[ 0.7466737   0.1258771   1.23810061 -3.46771273]
[ 0.7499824   0.11611412  1.09345537 -3.40894921]
[ 0.7499824   0.11611412  1.09345537 -3.40894923]
[ 0.75289222  0.10650732  0.95698149 -3.35766531]
[ 0.75289222  0.10650732  0.95698149 -3.3576654 ]
[ 0.75542462  0.09703598  0.82748032 -3.31349471]
[ 0.75542462  0.09703598  0.82748034 -3.31349479]
[ 0.75759785  0.08768037  0.7038786  -3.2761198 ]
[ 0.75759785  0.08768037  0.70387864 -3.2761198 ]
[ 0.75942728  0.07842157  0.58520647 -3.24526971]
[ 0.75942728  0.07842157  0.58520652 -3.24526967]
[ 0.76092563  0.0692414   0.47057855 -3.22071842]
[ 0.76092563  0.0692414   0.47057859 -3.22071839]
[ 0.76210321  0.06012223  0.35917753 -3.20228289]
[ 0.76210321  0.06012223  0.35917757 -3.20228287]
[ 0.76296808  0.0510469   0.2502398  -3.18982126]
[ 0.76296808  0.0510469   0.25023983 -3.18982125]
[ 0.76359689  0.04030806  0.12313116 -3.18264523]
[ 0.76359689  0.04030806  0.1231312  -3.18264521]
[ 7.63799711e-01  2.95796032e-02 -2.68164084e-03 -3.18364516e+00]
[ 7.63799709e-01  2.95796030e-02 -2.68156270e-03 -3.18364513e+00]
[ 0.763579    0.01883404 -0.12832436 -3.19279707]
[ 0.763579    0.01883404 -0.12832432 -3.19279705]
[ 0.76293345  0.00804383 -0.25491544 -3.21015214]
[ 0.76293345  0.00804383 -0.25491541 -3.21015213]
[ 7.61857965e-01 -2.81888878e-03 -3.83589710e-01 -3.23583706e+00]
[ 7.61857964e-01 -2.81888876e-03 -3.83589696e-01 -3.23583706e+00]
[ 0.76034355 -0.01378251 -0.51552322 -3.27005556]
[ 0.76034354 -0.01378251 -0.51552322 -3.27005556]
[ 0.75837713 -0.02487625 -0.65195925 -3.31309086]
[ 0.75837713 -0.02487625 -0.65195927 -3.31309085]
[ 0.75594133 -0.03613043 -0.7942369  -3.36530904]
[ 0.75594133 -0.03613043 -0.79423693 -3.36530903]
[ 0.75488882 -0.04045318 -0.85010256 -3.38763806]
[ 0.75488882 -0.04045318 -0.85010256 -3.38763806]
[ 0.75376407 -0.04480543 -0.90710683 -3.41138427]
[ 0.75376407 -0.04480543 -0.90710682 -3.41138427]
[ 0.75256556 -0.049189   -0.96533958 -3.43657787]
[ 0.75256556 -0.049189   -0.96533959 -3.43657787]
[ 0.75129165 -0.05360577 -1.02489482 -3.46325106]
[ 0.75129165 -0.05360577 -1.02489482 -3.46325106]
[ 0.7499406  -0.05805765 -1.08587094 -3.49143807]
[ 0.7499406  -0.05805765 -1.08587094 -3.49143807]
[ 0.74851052 -0.06254661 -1.14837121 -3.52117523]
[ 0.74851052 -0.06254661 -1.14837122 -3.52117523]
[ 0.74699938 -0.06707465 -1.21250421 -3.55250099]
[ 0.74699938 -0.06707465 -1.21250421 -3.55250099]
[ 0.74316724 -0.07774678 -1.36830078 -3.63156295]
[ 0.74316724 -0.07774678 -1.36830081 -3.63156294]
[ 0.73885621 -0.08866757 -1.53508745 -3.71996064]
[ 0.73885621 -0.08866757 -1.5350876  -3.71996058]
[ 0.73403103 -0.09986568 -1.71465002 -3.81831366]
[ 0.73403102 -0.09986568 -1.71465009 -3.81831361]
[ 0.72865076 -0.1113717  -1.90903847 -3.9273077 ]
[ 0.72865076 -0.1113717  -1.90903844 -3.92730765]
[ 0.72266791 -0.12321835 -2.12062184 -4.04769224]
[ 0.72266791 -0.12321835 -2.12062192 -4.04769211]
[ 0.7160274  -0.13544066 -2.35215436 -4.18027411]
[ 0.7160274  -0.13544066 -2.35215448 -4.18027391]
[ 0.70866529 -0.14807613 -2.60685391 -4.32590513]
[ 0.70866529 -0.14807613 -2.60685404 -4.32590483]
[ 0.70050727 -0.16116485 -2.8884981  -4.48545931]
[ 0.70050727 -0.16116484 -2.88849822 -4.48545887]
[ 0.69146685 -0.17474946 -3.2015395  -4.65979513]
[ 0.69146684 -0.17474945 -3.20153957 -4.65979448]
[ 0.6814431  -0.18887509 -3.55124343 -4.84969477]
[ 0.6814431  -0.18887508 -3.55124339 -4.84969381]
[ 0.67031808 -0.20358895 -3.94385083 -5.05576886]
[ 0.67031808 -0.20358894 -3.94385055 -5.05576746]
[ 0.6579536  -0.21893965 -4.38676679 -5.27830985]
[ 0.6579536  -0.21893963 -4.38676603 -5.27830782]
[ 0.64418749 -0.23497591 -4.88877146 -5.51706884]
[ 0.64418749 -0.23497589 -4.88876979 -5.51706594]
[ 0.64678091 -0.23203212 -4.79346223 -5.47286206]
[ 0.64678091 -0.23203211 -4.7934614  -5.47286062]
[ 0.63456357 -0.24561129 -5.2454582  -5.67777051]
[ 0.63456357 -0.24561129 -5.24545778 -5.6777704 ]
[ 0.62118358 -0.25970118 -5.74918252 -5.89191434]
[ 0.62118358 -0.25970117 -5.74918093 -5.89191266]
[ 0.60650623 -0.27432207 -6.31191831 -6.11335228]
[ 0.60650624 -0.27432206 -6.31191619 -6.11335124]
[ 0.59037801 -0.28948829 -6.94183416 -6.33901005]
[ 0.59037803 -0.28948827 -6.94183081 -6.33900866]
[ 0.59342639 -0.2866894  -6.82189148 -6.29784551]
[ 0.5934264  -0.28668939 -6.82188983 -6.29784482]
[ 0.57928136 -0.2994253  -7.38170769 -6.48274141]
[ 0.57928136 -0.2994253  -7.38170729 -6.48274166]
[ 0.56396664 -0.3125274  -7.99657555 -6.66467787]
[ 0.56396665 -0.3125274  -7.99657337 -6.66467762]
[ 0.54736718 -0.32598549 -8.67188689 -6.83911698]
[ 0.54736719 -0.32598549 -8.67188492 -6.8391176 ]
[ 0.52935712 -0.33977891 -9.41302542 -7.00004703]
[ 0.52935713 -0.33977891 -9.41302271 -7.00004834]
[  0.50980015  -0.35387325 -10.22501879  -7.13961989]
[  0.50980018  -0.35387325 -10.22501553  -7.13962264]
[  0.48855074  -0.36821632 -11.11203356  -7.247766  ]
[  0.48855076  -0.36821633 -11.11203052  -7.24777105]
[  0.49314435  -0.36519798 -10.92007246  -7.22832405]
[  0.49314436  -0.36519799 -10.92007111  -7.22832626]
[  0.47535519  -0.37664313 -11.66346387  -7.29131286]
[  0.47535519  -0.37664313 -11.66346468  -7.29131295]
[  0.45635596  -0.38816258 -12.45566656  -7.32133886]
[  0.45635598  -0.38816259 -12.45566603  -7.32134193]
[  0.43607025  -0.39969794 -13.29583215  -7.30998361]
[  0.43607026  -0.39969795 -13.29583372  -7.3099857 ]
[  0.41442424  -0.41117656 -14.18134564  -7.24763116]
[  0.41442424  -0.41117657 -14.18134791  -7.24763436]
[  0.39135     -0.42250977 -15.10726505  -7.12360767]
[  0.39135     -0.42250979 -15.10726963  -7.12361081]
[  0.36678964  -0.43359144 -16.06574758  -6.92644177]
[  0.36678963  -0.43359146 -16.06575444  -6.92644408]
[  0.37115627  -0.43169344 -15.89769032  -6.96638145]
[  0.37115627  -0.43169345 -15.89769383  -6.96638265]
[  0.34992154  -0.4406361  -16.70422672  -6.75251292]
[  0.34992154  -0.4406361  -16.70422726  -6.75251195]
[  0.32762987  -0.44925966 -17.51883842  -6.47545724]
[  0.32762986  -0.44925967 -17.51884225  -6.47545685]
[  0.30427701  -0.45747783 -18.33155682  -6.12917246]
[  0.30427699  -0.45747783 -18.33155887  -6.12916991]
[  0.27987299  -0.46519693 -19.13041299  -5.70855705]
[  0.27987298  -0.46519693 -19.13041497  -5.70855349]
[  0.28452971  -0.46379154 -18.98223612  -5.79330785]
[  0.2845297   -0.46379154 -18.98223709  -5.79330615]
[  0.26410177  -0.46972287 -19.61647152  -5.4063133 ]
[  0.26410177  -0.46972287 -19.61647081  -5.40631308]
[  0.2430148   -0.47521699 -20.22621219  -4.96699261]
[  0.24301479  -0.47521699 -20.22621223  -4.96699075]
[  0.22129921  -0.48021832 -20.80286003  -4.47517928]
[  0.22129921  -0.48021831 -20.80285879  -4.4751783 ]
[  0.19899476  -0.48467175 -21.33747983  -3.93193502]
[  0.19899476  -0.48467175 -21.33747836  -3.93193388]
[  0.17615069  -0.48852401 -21.8210978   -3.33967664]
[  0.17615069  -0.488524   -21.82109561  -3.33967602]
[  0.1528256   -0.49172513 -22.24503107  -2.70226823]
[  0.1528256   -0.49172512 -22.24502865  -2.70226833]
[  0.12908698  -0.49423002 -22.60126012  -2.02502761]
[  0.12908699  -0.49423001 -22.60125762  -2.02502864]
[  0.10501031  -0.49599994 -22.88280159  -1.31464817]
[  0.10501032  -0.49599994 -22.88279957  -1.31465019]
[  0.11027854  -0.49567878 -22.82815421  -1.47179765]
[  0.11027855  -0.49567878 -22.82815334  -1.47179851]
[  0.09130216  -0.4966624  -23.0065576   -0.90199609]
[  0.09130216  -0.4966624  -23.00655823  -0.90199596]
[  0.07219892  -0.49716883 -23.13431766  -0.3197268 ]
[  0.07219892  -0.49716883 -23.13431714  -0.31972772]
[  0.07363593  -0.4971476  -23.12652501  -0.36375804]
[  0.07363594  -0.4971476  -23.12652458  -0.36375877]
[  0.08777654  -0.49679236 -23.03406394  -0.79509343]
[  0.08777654  -0.49679236 -23.03406394  -0.79509344]
[  0.08424683  -0.49690592 -23.05982336  -0.6877908 ]
[  0.08424683  -0.49690592 -23.05982338  -0.68779078]
[  0.08071332  -0.49700301 -23.08382621  -0.58011547]
[  0.08071332  -0.49700301 -23.08382619  -0.5801155 ]
[  0.07717626  -0.49708359 -23.10606282  -0.47209547]
[  0.07717626  -0.49708359 -23.10606283  -0.47209546]
[  0.07363594  -0.4971476  -23.12652459  -0.36375875]
[  0.07363594  -0.4971476  -23.12652459  -0.36375876]
[  0.07009261  -0.497195   -23.1452036   -0.25513377]
[  0.07009261  -0.497195   -23.1452036   -0.25513377]
[  0.06654657  -0.49722574 -23.16209288  -0.14624907]
[  0.06654657  -0.49722574 -23.16209288  -0.14624907]
[ 6.20435481e-02 -4.97240706e-01 -2.31809376e+01 -7.75816607e-03]
[ 6.20435481e-02 -4.97240706e-01 -2.31809376e+01 -7.75816610e-03]
[  0.05753715  -0.49722873 -23.19688034   0.1310453 ]
[  0.05753715  -0.49722873 -23.19688034   0.1310453 ]
[  0.05302793  -0.49718976 -23.20991284   0.27010172]
[  0.05302793  -0.49718976 -23.20991284   0.27010172]
[  0.04851647  -0.49712374 -23.22002914   0.40935123]
[  0.04851647  -0.49712374 -23.22002913   0.40935123]
[  0.04400332  -0.49703065 -23.22722552   0.54873373]
[  0.04400332  -0.49703065 -23.22722552   0.54873373]
[  0.03948906  -0.49691046 -23.2315006    0.688189  ]
[  0.03948906  -0.49691046 -23.23150059   0.688189  ]
[  0.03393719  -0.49672551 -23.23275428   0.85968783]
[  0.03393719  -0.49672551 -23.23275427   0.85968783]
[  0.02838555  -0.49649959 -23.22959841   1.0310936 ]
[  0.02838555  -0.49649959 -23.2295984    1.03109364]
[ 2.28351824e-02 -4.96232728e-01 -2.32220446e+01  1.20229472e+00]
[ 2.28351819e-02 -4.96232728e-01 -2.32220446e+01  1.20229481e+00]
[ 1.72871464e-02 -4.95924990e-01 -2.32101096e+01  1.37318018e+00]
[ 1.72871460e-02 -4.95924990e-01 -2.32101096e+01  1.37318027e+00]
[ 1.17424840e-02 -4.95576464e-01 -2.31938154e+01  1.54363968e+00]
[ 1.17424835e-02 -4.95576464e-01 -2.31938154e+01  1.54363977e+00]
[ 4.41222619e-04 -4.94739101e-01 -2.31471514e+01  1.88975176e+00]
[ 4.41218721e-04 -4.94739100e-01 -2.31471511e+01  1.88975248e+00]
[ 2.34764486e-03 -4.94892314e-01 -2.31562844e+01  1.83151058e+00]
[ 2.34764275e-03 -4.94892314e-01 -2.31562842e+01  1.83151097e+00]
[-7.02948375e-03 -4.94091871e-01 -2.31064526e+01  2.11731795e+00]
[-7.02948439e-03 -4.94091871e-01 -2.31064525e+01  2.11731806e+00]
[-1.63839549e-02 -4.93176076e-01 -2.30445230e+01  2.40055033e+00]
[-1.63839520e-02 -4.93176076e-01 -2.30445230e+01  2.40054977e+00]
[ -0.0257109   -0.49214607 -22.97073611   2.68071091]
[ -0.0257109   -0.49214607 -22.97073602   2.6807108 ]
[ -0.03500559  -0.49100321 -22.88536725   2.95732456]
[ -0.03500559  -0.49100321 -22.88536716   2.95732449]
[ -0.04426337  -0.48974901 -22.78872512   3.22993531]
[ -0.04426337  -0.48974901 -22.78872504   3.22993522]
[ -0.05835281  -0.48761747 -22.61973848   3.63849652]
[ -0.05835281  -0.48761747 -22.61973822   3.63849616]
[ -0.07232979  -0.48523602 -22.4264771    4.03523601]
[ -0.07232979  -0.48523602 -22.4264769    4.0352355 ]
[ -0.08617969  -0.48261239 -22.21040637   4.41886691]
[ -0.08617969  -0.4826124  -22.21040715   4.41886737]
[ -0.09988885  -0.47975508 -21.97309713   4.78826451]
[ -0.09988885  -0.47975509 -21.97309758   4.78826471]
[ -0.11344459  -0.47667323 -21.71619383   5.14246445]
[ -0.11344459  -0.47667323 -21.71619408   5.14246449]
[ -0.12683528  -0.47337652 -21.44139456   5.48066953]
[ -0.12683528  -0.47337652 -21.44139477   5.4806696 ]
[ -0.14005035  -0.46987508 -21.15042601   5.80224733]
[ -0.14005035  -0.46987508 -21.1504262    5.80224743]
[ -0.15685226  -0.46506412 -20.75328464   6.19243406]
[ -0.15685226  -0.46506412 -20.75328501   6.19243437]
[ -0.1733273   -0.45995196 -20.33573058   6.55343668]
[ -0.1733273   -0.45995197 -20.33573137   6.55343751]
[ -0.18946053  -0.45456213 -19.90135889   6.88500828]
[ -0.18946054  -0.45456213 -19.90135933   6.88500913]
[ -0.20523988  -0.44891819 -19.45360666   7.18725637]
[ -0.20523988  -0.4489182  -19.45360688   7.18725724]
[ -0.22065592  -0.44304353 -18.99571449   7.46060121]
[ -0.22065592  -0.44304353 -18.99571447   7.46060202]
[ -0.23570174  -0.43696104 -18.53069475   7.70572948]
[ -0.23570174  -0.43696104 -18.53069456   7.70573019]
[ -0.25037275  -0.43069301 -18.06131179   7.92354887]
[ -0.25037275  -0.43069301 -18.06131147   7.92354947]
[ -0.26466648  -0.42426092 -17.59007077   8.11514396]
[ -0.26466649  -0.42426092 -17.59007036   8.11514442]
[ -0.27858236  -0.4176853  -17.11921445   8.28173492]
[ -0.27858236  -0.4176853  -17.11921401   8.28173526]
[ -0.2921215   -0.41098569 -16.65072651   8.42463984]
[ -0.29212151  -0.41098569 -16.65072606   8.42464006]
[ -0.308046    -0.40271729 -16.08798431   8.56820957]
[ -0.308046    -0.40271729 -16.08798345   8.5682098 ]
[ -0.32342703  -0.39432417 -15.53389247   8.68148315]
[ -0.32342704  -0.39432417 -15.53389077   8.68148342]
[ -0.33827411  -0.38583455 -14.99059947   8.76700579]
[ -0.33827412  -0.38583455 -14.99059818   8.76700567]
[ -0.35259861  -0.37727421 -14.45982547   8.82728235]
[ -0.35259862  -0.37727421 -14.45982432   8.82728205]
[ -0.36641339  -0.36866653 -13.94290429   8.86473974]
[ -0.36641339  -0.36866652 -13.94290342   8.8647393 ]
[ -0.37973243  -0.36003255 -13.44083292   8.88169695]
[ -0.37973243  -0.36003255 -13.44083226   8.88169645]
[ -0.39257054  -0.35139116 -12.95431595   8.88034539]
[ -0.39257054  -0.35139116 -12.95431549   8.88034487]
[ -0.40617992  -0.34187956 -12.43671398   8.86010197]
[ -0.40617991  -0.34187956 -12.43671359   8.86010132]
[ -0.41924493  -0.3323991  -11.93886497   8.82264883]
[ -0.41924493  -0.3323991  -11.93886503   8.82264863]
[ -0.43178682  -0.32296698 -11.46082988   8.77030552]
[ -0.43178682  -0.32296698 -11.46083054   8.77030616]
[ -0.44382676  -0.31359801 -11.00246587   8.70517732]
[ -0.44382676  -0.31359801 -11.00246634   8.70517779]
[ -0.45538569  -0.30430486 -10.56346701   8.62915976]
[ -0.45538569  -0.30430486 -10.56346719   8.62915997]
[ -0.46648416  -0.29509828 -10.14340282   8.54395257]
[ -0.46648416  -0.29509828 -10.14340288   8.54395267]
[-0.47714218 -0.2859873  -9.74174901  8.45107223]
[-0.47714218 -0.2859873  -9.74174904  8.45107233]
[-0.48737919 -0.2769794  -9.35791277  8.3518656 ]
[-0.48737919 -0.2769794  -9.35791278  8.35186568]
[-0.50066661 -0.26489831 -8.86306922  8.20882907]
[-0.50066661 -0.26489831 -8.86306922  8.20882927]
[-0.51325428 -0.25303124 -8.39833255  8.05885334]
[-0.51325428 -0.25303124 -8.39833248  8.05885398]
[-0.52518486 -0.2413867  -7.96196479  7.90410449]
[-0.52518486 -0.2413867  -7.96196461  7.90410497]
[-0.53649846 -0.22997028 -7.55223111  7.74638201]
[-0.53649846 -0.22997028 -7.55223091  7.74638237]
[-0.5472327  -0.21878521 -7.16743251  7.58717316]
[-0.5472327  -0.21878521 -7.1674323   7.5871734 ]
[-0.55742274 -0.20783274 -6.80592793  7.42769852]
[-0.55742274 -0.20783274 -6.80592773  7.42769868]
[-0.56710143 -0.1971125  -6.46614883  7.26895275]
[-0.56710143 -0.1971125  -6.46614866  7.26895285]
[-0.57629935 -0.18662282 -6.146608    7.11173974]
[-0.57629936 -0.18662282 -6.14660785  7.11173979]
[-0.58690963 -0.17413528 -5.78219251  6.92296513]
[-0.58690963 -0.17413528 -5.78219226  6.92296518]
[-0.59689457 -0.16198012 -5.44344303  6.73832281]
[-0.59689457 -0.16198012 -5.44344247  6.73832287]
[-0.60629788 -0.15014937 -5.12818014  6.5584756 ]
[-0.60629788 -0.15014937 -5.12817978  6.55847557]
[-0.61515955 -0.13863405 -4.83440817  6.38389473]
[-0.61515955 -0.13863405 -4.83440785  6.38389467]
[-0.62351618 -0.12742448 -4.56030285  6.21489957]
[-0.62351618 -0.12742447 -4.56030264  6.21489949]
[-0.63140127 -0.11651052 -4.30420084  6.05168917]
[-0.63140127 -0.11651052 -4.30420068  6.0516891 ]
[-0.63884549 -0.10588179 -4.06458694  5.89436812]
[-0.63884549 -0.10588179 -4.06458683  5.89436805]
[-0.64587692 -0.09552776 -3.84008213  5.74296728]
[-0.64587692 -0.09552776 -3.84008205  5.74296722]
[-0.65415374 -0.08291048 -3.57788372  5.56135579]
[-0.65415374 -0.08291048 -3.57788359  5.56135566]
[-0.66186742 -0.07068845 -3.33526966  5.38887263]
[-0.66186742 -0.07068845 -3.33526935  5.3888723 ]
[-0.66905945 -0.05884151 -3.11025769  5.22529658]
[-0.66905945 -0.05884151 -3.11025753  5.22529634]
[-0.6757671  -0.04735008 -2.90108464  5.07035634]
[-0.6757671  -0.04735008 -2.90108452  5.07035613]
[-0.68202395 -0.0361952  -2.70617876  4.92374801]
[-0.68202395 -0.0361952  -2.7061787   4.92374785]
[-0.68786027 -0.02535864 -2.52413719  4.78514957]
[-0.68786027 -0.02535864 -2.52413715  4.78514945]
[-0.69330334 -0.01482288 -2.35370517  4.65423103]
[-0.69330334 -0.01482288 -2.35370515  4.65423094]
[-0.69837781 -0.00457115 -2.19375807  4.53066215]
[-0.69837781 -0.00457115 -2.19375807  4.53066208]
[-0.70441719  0.00826426 -2.00122557  4.38154015]
[-0.70441719  0.00826426 -2.00122557  4.38154001]
[-0.70992227  0.02068608 -1.82255072  4.2434421 ]
[-0.70992227  0.02068608 -1.82255074  4.24344172]
[-0.71493049  0.03272515 -1.65604041  4.11572743]
[-0.71493049  0.03272515 -1.65604046  4.11572719]
[-0.7194747   0.04441049 -1.5002009   3.99779684]
[-0.7194747   0.0444105  -1.50020094  3.99779665]
[-0.72358369  0.0557695  -1.35370688  3.88909377]
[-0.72358369  0.0557695  -1.35370693  3.88909364]
[-0.72728266  0.06682801 -1.21537538  3.78910629]
[-0.72728266  0.06682801 -1.21537543  3.78910619]
[-0.73059356  0.07761043 -1.08414326  3.69736688]
[-0.73059356  0.07761044 -1.0841433   3.69736681]
[-0.73353544  0.08813993 -0.95904788  3.61345181]
[-0.73353543  0.08813993 -0.95904791  3.61345176]
[-0.73668696  0.10084221 -0.81155257  3.51994763]
[-0.73668696  0.10084221 -0.81155263  3.51994755]
[-0.73932513  0.11323072 -0.67058161  3.43719214]
[-0.73932512  0.11323072 -0.67058176  3.43719198]
[-0.74147065  0.12534277 -0.53474091  3.36464373]
[-0.74147064  0.12534277 -0.53474101  3.36464364]
[-0.74313946  0.13721387 -0.40272749  3.30184953]
[-0.74313945  0.13721387 -0.40272757  3.30184947]
[-0.74434297  0.1488781  -0.27330015  3.24844133]
[-0.74434296  0.1488781  -0.2733002   3.24844129]
[-0.74508823  0.16036835 -0.14525122  3.20413312]
[-0.74508823  0.16036835 -0.14525126  3.20413309]
[-0.74537803  0.17171666 -0.01737939  3.1687191 ]
[-0.74537803  0.17171666 -0.01737941  3.16871908]
[-0.74521081  0.18295445  0.11153782  3.14207255]
[-0.74521081  0.18295446  0.11153782  3.14207254]
[-0.7449723   0.18821642  0.17296109  3.13254529]
[-0.7449723   0.18821642  0.1729611   3.13254529]
[-0.74463023  0.19346402  0.23503553  3.12495114]
[-0.74463023  0.19346402  0.23503553  3.12495115]
[-0.7441834  0.1987005  0.2979043  3.1192951]
[-0.7441834  0.1987005  0.2979043  3.1192951]
[-0.74363035  0.20392914  0.36171622  3.11558612]
[-0.74363035  0.20392914  0.36171622  3.11558612]
[-0.74296937  0.20915319  0.42662662  3.11383714]
[-0.74296937  0.20915319  0.42662662  3.11383714]
[-0.74219848  0.21437596  0.49279827  3.11406516]
[-0.74219848  0.21437596  0.49279828  3.11406516]
[-0.74131542  0.21960079  0.56040251  3.11629124]
[-0.74131542  0.21960079  0.56040251  3.11629123]
[-0.73940366  0.22916357  0.68822635  3.1256048 ]
[-0.73940366  0.22916357  0.68822639  3.12560479]
[-0.73709038  0.23876548  0.82264641  3.14186508]
[-0.73709038  0.23876548  0.82264655  3.14186504]
[-0.73435334  0.24842816  0.96501641  3.1653087 ]
[-0.73435334  0.24842816  0.96501643  3.16530868]
[-0.73116587  0.25817406  1.11687455  3.19621926]
[-0.73116587  0.25817406  1.11687453  3.19621923]
[-0.72749626  0.26802654  1.27998555  3.23492578]
[-0.72749626  0.26802654  1.27998561  3.2349257 ]
[-0.72330696  0.27801005  1.45639029  3.28179917]
[-0.72330696  0.27801005  1.45639039  3.28179906]
[-0.71855369  0.28815024  1.64846543  3.33724528]
[-0.71855369  0.28815024  1.64846554  3.3372451 ]
[-0.71318428  0.29847403  1.85899642  3.40169214]
[-0.71318427  0.29847403  1.85899653  3.40169187]
[-0.70713726  0.30900968  2.09126554  3.47556879]
[-0.70713726  0.30900967  2.09126562  3.47556839]
[-0.70034025  0.31978668  2.34915781  3.55927069]
[-0.70034025  0.31978668  2.34915783  3.55927011]
[-0.69270784  0.33083567  2.63728737  3.65310512]
[-0.69270784  0.33083567  2.63728723  3.65310425]
[-0.68413921  0.34218795  2.96114556  3.75720603]
[-0.68413921  0.34218795  2.96114511  3.75720477]
[-0.67451512  0.35387483  3.32726979  3.87140342]
[-0.67451512  0.35387482  3.32726874  3.87140159]
[-0.6636945   0.36592638  3.74342655  3.99502468]
[-0.6636945   0.36592636  3.74342439  3.99502211]
[-0.66589416  0.36355913  3.65839025  3.97036561]
[-0.66589416  0.36355912  3.65838923  3.9703644 ]
[-0.65641033  0.37349478  4.02671619  4.07475203]
[-0.65641033  0.37349478  4.02671585  4.07475208]
[-0.64596523  0.38369384  4.43762462  4.18337516]
[-0.64596523  0.38369383  4.43762287  4.18337382]
[-0.63444634  0.39416461  4.8971618   4.29436504]
[-0.63444635  0.3941646   4.89715974  4.29436444]
[-0.62172538  0.40490971  5.41203656  4.40492235]
[-0.6217254   0.4049097   5.41203339  4.4049216 ]
[-0.62434135  0.40276459  5.30555631  4.3832806 ]
[-0.62434136  0.40276458  5.30555485  4.38328025]
[-0.61338854  0.41153892  5.75329754  4.46991457]
[-0.61338854  0.41153892  5.75329744  4.46991485]
[-0.60150606  0.42048056  6.24428379  4.55156663]
[-0.60150607  0.42048056  6.24428209  4.55156668]
[-0.58860432  0.42957623  6.7824425   4.62468436]
[-0.58860433  0.42957623  6.78244133  4.62468508]
[-0.57458603  0.43880468  7.37155189  4.68466779]
[-0.57458604  0.43880468  7.37155042  4.68466906]
[-0.55934678  0.44813426  8.01493457  4.72564241]
[-0.5593468   0.44813426  8.01493317  4.72564471]
[-0.54277641  0.45752027  8.71504347  4.74023453]
[-0.54277643  0.45752027  8.71504299  4.74023826]
[-0.54643926  0.45551016  8.56040582  4.73975967]
[-0.54643927  0.45551016  8.5604056   4.73976127]
[-0.53265414  0.46289263  9.14155424  4.73329911]
[-0.53265414  0.46289263  9.14155479  4.73329895]
[-0.51793584  0.47024578  9.75821574  4.70125077]
[-0.51793584  0.47024579  9.75821624  4.7012527 ]
[-0.50222981  0.47752543 10.40920422  4.63791365]
[-0.50222981  0.47752543 10.40920573  4.63791452]
[-0.48548433  0.48467792 11.09202609  4.53691061]
[-0.48548433  0.48467792 11.09202809  4.53691197]
[-0.46765277  0.49163923 11.802564    4.39131775]
[-0.46765277  0.49163924 11.80256723  4.39131866]
[-0.44869639  0.49833427 12.53477897  4.19385787]
[-0.44869638  0.49833428 12.53478285  4.19385793]
[-0.42858753  0.5046765  13.28044986  3.93722266]
[-0.42858751  0.50467651 13.28045437  3.93722122]
[-0.40731313  0.51056828 14.02902212  3.61451679]
[-0.4073131   0.51056829 14.02902617  3.61451308]
[-0.41230852  0.5092588  13.85726624  3.69490335]
[-0.41230851  0.5092588  13.85726789  3.69490187]
[-0.39533928  0.51352545 14.4300826   3.41060237]
[-0.39533928  0.51352545 14.43008129  3.41060244]
[-0.37768848  0.51742467 14.99235934  3.08206343]
[-0.37768847  0.51742467 14.99236024  3.0820615 ]
[-0.38054157  0.51683111 14.90389872  3.13736356]
[-0.38054157  0.51683111 14.90389926  3.13736244]
[-0.36527137  0.51984491 15.3660298   2.83186147]
[-0.36527136  0.5198449  15.36602934  2.83186085]
[-0.34954272  0.52253397 15.81196429  2.49356893]
[-0.34954272  0.52253397 15.81196438  2.49356735]
[-0.35255168  0.52205185 15.72908555  2.56006924]
[-0.35255167  0.52205185 15.7290856   2.56006846]
[-0.33954018  0.5240276  16.07900969  2.26666434]
[-0.33954018  0.5240276  16.07900953  2.26666429]
[-0.32624866  0.52575456 16.41328303  1.95185095]
[-0.32624865  0.52575455 16.41328289  1.95185032]
[-0.31269093  0.52721536 16.72940088  1.61608928]
[-0.31269093  0.52721536 16.72940052  1.6160889 ]
[-0.29888287  0.52839317 17.02491923  1.26011571]
[-0.29888287  0.52839317 17.02491879  1.26011529]
[-0.28484227  0.52927183 17.29750675  0.8849432 ]
[-0.28484227  0.52927183 17.29750618  0.88494286]
[-0.27058881  0.52983616 17.544995    0.49186096]
[-0.27058881  0.52983616 17.54499436  0.49186071]
[-0.25614383  0.53007212 17.76542821  0.08242306]
[-0.25614383  0.53007211 17.76542751  0.08242294]
[-0.24153018  0.52996704 17.9571085  -0.34157056]
[-0.24153018  0.52996704 17.9571078  -0.34157053]
[-0.22677196  0.52950984 18.11863563 -0.77810135]
[-0.22677197  0.52950984 18.11863498 -0.77810117]
[-0.22110432  0.52924037 18.17211721 -0.94762137]
[-0.22110432  0.52924037 18.17211718 -0.94762135]
[-0.21542069  0.52891774 18.22099776 -1.11852088]
[-0.21542069  0.52891774 18.2209978  -1.1185209 ]
[-0.20972252  0.52854153 18.26523824 -1.29066846]
[-0.20972252  0.52854152 18.2652382  -1.29066845]
[-0.20401125  0.52811137 18.30480751 -1.46393031]
[-0.20401125  0.52811137 18.30480751 -1.46393032]
[-0.19828836  0.52762694 18.33968262 -1.63817082]
[-0.19828836  0.52762694 18.33968261 -1.63817082]
[-0.19255532  0.52708795 18.36984826 -1.81325272]
[-0.19255532  0.52708795 18.36984824 -1.81325273]
[-0.17973905  0.52568807 18.42013851 -2.20608708]
[-0.17973905  0.52568806 18.42013829 -2.2060871 ]
[-0.16689591  0.52401375 18.44703209 -2.600871  ]
[-0.16689591  0.52401375 18.44703104 -2.60087106]
[-0.15404212  0.52206417 18.45077062 -2.99606004]
[-0.15404212  0.52206417 18.45076928 -2.99605995]
[-0.14119367  0.51983959 18.43177536 -3.39013176]
[-0.14119367  0.51983958 18.43177413 -3.39013146]
[-0.1283662   0.51734129 18.39063417 -3.78160568]
[-0.12836621  0.51734129 18.3906331  -3.78160519]
[-0.11557491  0.5145716  18.32808625 -4.16906114]
[-0.11557491  0.51457159 18.32808537 -4.16906049]
[-0.10283439  0.51153377 18.2450055  -4.55115301]
[-0.10283439  0.51153377 18.24500482 -4.55115223]
[-0.09015862  0.508232   18.14238195 -4.92662501]
[-0.09015862  0.50823199 18.14238149 -4.92662415]
[-0.07756083  0.5046713  18.02130229 -5.29432051]
[-0.07756084  0.50467129 18.02130205 -5.29431959]
[-0.06289664  0.50017144 17.85728855 -5.71439797]
[-0.06289665  0.50017144 17.8572885  -5.7143965 ]
[-0.04837558  0.49533372 17.67144933 -6.12083569]
[-0.04837558  0.49533372 17.6714498  -6.1208353 ]
[-0.03401464  0.49016981 17.46582729 -6.5123597 ]
[-0.03401463  0.49016981 17.46582812 -6.51236128]
[-0.01982913  0.48469235 17.24249221 -6.88791976]
[-0.01982912  0.48469236 17.24249268 -6.88792042]
[-5.83269579e-03  4.78914751e-01  1.70035045e+01 -7.24667372e+00]
[-5.83269468e-03  4.78914753e-01  1.70035048e+01 -7.24667402e+00]
[ 7.96269014e-03  4.72851013e-01  1.67508868e+01 -7.58798915e+00]
[ 7.96269124e-03  4.72851014e-01  1.67508869e+01 -7.58798945e+00]
[ 0.0215467   0.46651558 16.48659713 -7.91142707]
[ 0.0215467   0.46651558 16.48659719 -7.91142737]
[ 0.03818334  0.45825359 16.1433642  -8.28947413]
[ 0.03818334  0.45825359 16.14336417 -8.28947473]
[ 0.05446368  0.44962059 15.78828512 -8.63914384]
[ 0.05446368  0.44962059 15.78828487 -8.63914443]
[ 0.07037728  0.44064546 15.42449219 -8.96061367]
[ 0.07037728  0.44064545 15.42449178 -8.9606128 ]
[ 0.08591671  0.43135673 15.05481986 -9.25433954]
[ 0.08591671  0.43135673 15.05481959 -9.2543388 ]
[ 0.10107729  0.42178237 14.68179831 -9.52101244]
[ 0.10107729  0.42178237 14.68179821 -9.5210121 ]
[ 0.11585678  0.41194952 14.30765602 -9.76150475]
[ 0.11585678  0.41194952 14.30765602 -9.76150456]
[ 0.13025504  0.40188438 13.93433051 -9.97682661]
[ 0.13025504  0.40188438 13.93433057 -9.97682644]
[  0.14427377   0.39161205  13.56348464 -10.16808779]
[  0.14427377   0.39161205  13.56348472 -10.16808765]
[  0.16180937   0.37808815  13.09083042 -10.3812605 ]
[  0.16180937   0.37808815  13.09083067 -10.38126023]
[  0.17872866   0.36430739  12.62708963 -10.55893925]
[  0.17872866   0.36430739  12.62709039 -10.55893856]
[  0.19504467   0.35031474  12.17415979 -10.70376245]
[  0.19504467   0.35031474  12.17416049 -10.70376206]
[  0.21077261   0.33615171  11.73345299 -10.81833518]
[  0.2107726    0.33615171  11.73345364 -10.81833495]
[  0.22592925   0.32185643  11.30597383 -10.90518194]
[  0.22592925   0.32185643  11.30597435 -10.90518189]
[  0.24053249   0.30746378  10.89238775 -10.9667173 ]
[  0.24053249   0.30746379  10.89238816 -10.96671733]
[  0.25460087   0.29300556  10.49308285 -11.00522587]
[  0.25460087   0.29300556  10.49308314 -11.00522596]
[  0.26815333   0.27851063  10.10822331 -11.02285149]
[  0.26815333   0.27851063  10.1082235  -11.02285161]
[  0.28429657   0.26049503   9.65028346 -11.01865995]
[  0.28429657   0.26049504   9.65028374 -11.01866022]
[  0.29970935   0.24250768   9.21428111 -10.98884187]
[  0.29970935   0.24250769   9.21428168 -10.98884256]
[  0.31442712   0.22458782   8.79966195 -10.93658093]
[  0.31442712   0.22458782   8.79966214 -10.93658149]
[  0.32848423   0.20676973   8.40570508 -10.86474284]
[  0.32848423   0.20676974   8.40570515 -10.86474334]
[  0.34191381   0.18908329   8.03158319 -10.77589998]
[  0.34191381   0.18908329   8.03158312 -10.77590036]
[  0.35474754   0.17155435   7.67640452 -10.67235457]
[  0.35474754   0.17155435   7.67640441 -10.67235486]
[  0.36701563   0.15420525   7.33924619 -10.55616349]
[  0.36701564   0.15420525   7.33924606 -10.5561637 ]
[  0.37874678   0.13705511   7.01917812 -10.42916175]
[  0.37874678   0.13705511   7.01917799 -10.4291619 ]
[  0.39273161   0.11586822   6.64079255 -10.2572267 ]
[  0.39273161   0.11586822   6.64079228 -10.25722694]
[  0.40596594   0.09504581   6.28604747 -10.07369624]
[  0.40596594   0.09504581   6.28604677 -10.07369678]
[ 0.41849646  0.07460906  5.95326444 -9.88101483]
[ 0.41849646  0.07460906  5.95326391 -9.88101511]
[ 0.43036651  0.0545745   5.64086063 -9.68129206]
[ 0.43036651  0.0545745   5.64086018 -9.68129224]
[ 0.4416163   0.03495465  5.34735289 -9.47634923]
[ 0.4416163   0.03495464  5.34735256 -9.47634931]
[ 0.4522831   0.01575853  5.07136033 -9.26775658]
[ 0.4522831   0.01575853  5.07136008 -9.26775661]
[ 4.62401456e-01 -3.00777766e-03  4.81160208e+00 -9.05686667e+00]
[ 4.62401457e-01 -3.00777812e-03  4.81160189e+00 -9.05686668e+00]
[ 0.47200339 -0.0213408   4.56689351 -8.84484289]
[ 0.47200339 -0.0213408   4.56689337 -8.84484288]
[ 0.48281705 -0.04262949  4.29330478 -8.59196676]
[ 0.48281705 -0.04262949  4.29330459 -8.59196672]
[ 0.49298513 -0.06330194  4.03786016 -8.3403214 ]
[ 0.49298513 -0.06330194  4.03785979 -8.3403213 ]
[ 0.50255004 -0.08336264  3.79902006 -8.09109045]
[ 0.50255004 -0.08336265  3.79901987 -8.09109036]
[ 0.51155058 -0.10281873  3.57538845 -7.84524853]
[ 0.51155058 -0.10281873  3.57538829 -7.84524844]
[ 0.52002232 -0.12167948  3.3656973  -7.60359211]
[ 0.52002232 -0.12167948  3.36569721 -7.60359204]
[ 0.52799786 -0.13995592  3.16879458 -7.36676613]
[ 0.52799786 -0.13995592  3.16879452 -7.36676607]
[ 0.53550714 -0.15766051  2.98363192 -7.13528631]
[ 0.53550714 -0.15766051  2.98363188 -7.13528625]
[ 0.54257764 -0.17480682  2.80925394 -6.90955838]
[ 0.54257764 -0.17480682  2.80925392 -6.90955833]
[ 0.55190815 -0.19821168  2.57859167 -6.59966287]
[ 0.55190815 -0.19821168  2.57859161 -6.59966274]
[ 0.56047064 -0.22056467  2.36566684 -6.30259467]
[ 0.56047064 -0.22056467  2.36566668 -6.30259421]
[ 0.56832305 -0.24191094  2.16849556 -6.01872281]
[ 0.56832305 -0.24191094  2.16849549 -6.01872243]
[ 0.57551688 -0.26229657  1.98531457 -5.74821585]
[ 0.57551688 -0.26229657  1.98531455 -5.74821555]
[ 0.58209783 -0.28176794  1.81454806 -5.49108499]
[ 0.58209783 -0.28176794  1.81454808 -5.49108478]
[ 0.58810642 -0.30037124  1.65478005 -5.24722076]
[ 0.58810642 -0.30037124  1.65478008 -5.2472206 ]
[ 0.59357852 -0.31815212  1.50473023 -5.0164224 ]
[ 0.59357852 -0.31815213  1.50473026 -5.01642228]
